2 Predictions
Epochs: 100
Feed Days: 5
All data: train loss: 0.00272, test loss: 0.07300
Training loss: [0.00600343057885766, 0.0248921699821949, 0.022425604984164238, 0.0022639858070760965, 0.004328685346990824, 0.01657404750585556, 0.04526117444038391, 0.020755086094141006, 0.002122614998370409, 0.002569178119301796, 0.01485537737607956, 0.008175753988325596, 0.0018566250801086426, 0.013511071912944317, 0.023356342688202858, 0.016641393303871155, 0.09750684350728989, 0.049921583384275436, 0.034345842897892, 0.00953069981187582]
Test loss: [0.0055261338129639626, 0.07347489148378372, 0.18667945265769958, 0.13705891370773315, 0.004956303630024195, 0.12182674556970596, 0.014684566296637058, 0.05248646438121796, 0.2792990803718567, 0.09875224530696869, 0.13018083572387695, 0.10480491816997528, 0.12014789879322052, 0.052239544689655304, 0.07908554375171661, 0.04328206181526184, 0.11442133784294128, 0.5217633247375488, 0.11188426613807678, 0.02712659165263176]
Average Training loss: 0.1139840560266748

1 Predictions
Epochs: 300
Feed Days: 10
Training loss: [0.005291729234158993, 0.0008748226682655513, 0.000578737526666373, 9.334069181932136e-05, 0.00021893756638746709, 0.0009417594992555678, 0.02024642936885357, 0.009821880608797073, 0.0007092963787727058, 0.01852172613143921, 0.0005694354767911136, 4.8724872613092884e-05, 0.003057209774851799, 0.00015755336789879948, 6.678361387457699e-05, 0.02138841338455677, 0.001340552349574864, 0.02147962525486946, 0.0003537937591318041, 0.005259242840111256]
Test loss: [0.033954475075006485, 0.000303134904243052, 0.6457837820053101, 0.011969371698796749, 0.008183966390788555, 0.04778824374079704, 0.08610235154628754, 0.0022204830311238766, 0.01811731606721878, 0.001395472208969295, 0.019555676728487015, 0.005383118987083435, 0.017818329855799675, 0.001316660549491644, 0.56101393699646, 0.08299728482961655, 0.027646353468298912, 0.07898771017789841, 0.0831679180264473, 0.044454995542764664]
Average Training loss: 0.08890802909154445